Condition	Frequency	Block	Timing File	TaskObject#1	TaskObject#2	TaskObject#3
1	1	1	mgs	crc(0.1, [0 1 0], 1, 0, 0)		crc(0.3, [1 1 1], 0, 0, 4)		crc(0.3, [1 1 1], 1, 0, 4)		
2	1	1	mgs	crc(0.1, [0 1 0], 1, 0, 0)		crc(0.3, [1 1 1], 0, 4, 0)		crc(0.3, [1 1 1], 1, 4, 0)	
3	1	1	mgs	crc(0.1, [0 1 0], 1, 0, 0)		crc(0.3, [1 1 1], 0, 0, -4)		crc(0.3, [1 1 1], 1, 0, -4)	
4	1	1	mgs	crc(0.1, [0 1 0], 1, 0, 0)		crc(0.3, [1 1 1], 0, -4, 0)		crc(0.3, [1 1 1], 1, -4, 0)	
5	1	1	mgs	crc(0.1, [0 1 0], 1, 0, 0)		crc(0.3, [1 1 1], 0, 2.5, 2.5)		crc(0.3, [1 1 1], 1, 2.5, 2.5)		
6	1	1	mgs	crc(0.1, [0 1 0], 1, 0, 0)		crc(0.3, [1 1 1], 0, -2.5, 2.5)		crc(0.3, [1 1 1], 1, -2.5, 2.5)		
7	1	1	mgs	crc(0.1, [0 1 0], 1, 0, 0)		crc(0.3, [1 1 1], 0, -2.5, -2.5)	crc(0.3, [1 1 1], 1, -2.5, -2.5)	
8	1	1	mgs	crc(0.1, [0 1 0], 1, 0, 0)		crc(0.3, [1 1 1], 0, 2.5, -2.5)		crc(0.3, [1 1 1], 1, 2.5, -2.5)			


